12
100.0 100.0 -100.0			100.0 -100.0 -100.0			100.0 100.0 100.0 		1
100.0 -100.0 -100.0			100.0 -100.0 100.0			100.0 100.0 100.0 		1

-100.0 100.0 -100.0			-100.0 100.0 100.0			-100.0 -100.0 -100.0 	1
-100.0 100.0 100.0			-100.0 -100.0 100.0			-100.0 -100.0 -100.0	1

-100.0 100.0 -100.0			100.0 100.0 100.0			-100.0 100.0 100.0		1
-100.0 100.0 -100.0			100.0 100.0 -100.0			100.0 100.0 100.0 		1

100.0 -100.0 -100.0			-100.0 -100.0 -100.0		-100.0 -100.0 100.0		1
-100.0 -100.0 100.0			100.0 -100.0 100.0			100.0 -100.0 -100.0		1

-100.0 100.0 100.0			100.0 100.0 100.0			100.0 -100.0 100.0		2
100.0 -100.0 100.0			-100.0 -100.0 100.0			-100.0 100.0 100.0		2

100.0 100.0 -100.0			-100.0 100.0 -100.0			100.0 -100.0 -100.0		3
-100.0 100.0 -100.0			-100.0 -100.0 -100.0		100.0 -100.0 -100.0		3

-5.0 5.0 -5.0			-5.0 -5.0 -5.0			-5.0 5.0 5.0 		4
-5.0 -5.0 -5.0			-5.0 -5.0 5.0			-5.0 5.0 5.0 		4

5.0 5.0 -5.0			5.0 5.0 5.0				5.0 -5.0 -5.0 		4
5.0 5.0 5.0				5.0 -5.0 5.0			5.0 -5.0 -5.0		4

-5.0 -5.0 -5.0			5.0 -5.0 5.0			-5.0 -5.0 5.0		4
-5.0 -5.0 -5.0			5.0 -5.0 -5.0			5.0 -5.0 5.0 		4

5.0 5.0 -5.0			-5.0 5.0 -5.0			-5.0 5.0 5.0		4
-5.0 5.0 5.0			5.0 5.0 5.0				5.0 5.0 -5.0		4

-5.0 5.0 -5.0			5.0 5.0 -5.0			5.0 -5.0 -5.0		4
5.0 -5.0 -5.0			-5.0 -5.0 -5.0			-5.0 5.0 -5.0		4

5.0 5.0 5.0				-5.0 5.0 5.0			5.0 -5.0 5.0		4
-5.0 5.0 5.0			-5.0 -5.0 5.0			5.0 -5.0 5.0		4